"ANDN920101"	0	-0.3	-0.41	0.06	-0.31	0.38	-0.28	0.4	-0.01	0.18	-0.17	-0.4	-0.09	-0.02	-0.03	-0.15	0	0.4	-0.35	-0.25	0.3	0	-0.11	0.36	-0.01	0.68	0.02	0.7	0.29	0.48	0.13	-0.1	0.21	0.28	0.27	0.15	0.3	0.7	-0.05	0.05	0.41	0.11	0	0.47	0.1	0.79	0.13	0.81	0.4	0.59	0.24	0.01	0.32	0.39	0.38	0.26	0.41	0.81	0.06	0.16	-0.06	-0.36	-0.47	0	-0.37	0.32	-0.34	0.34	-0.07	0.12	-0.23	-0.46	-0.15	-0.08	-0.09	-0.21	-0.06	0.34	-0.41	-0.31	0.31	0.01	-0.1	0.37	0	0.69	0.03	0.71	0.3	0.49	0.14	-0.09	0.22	0.29	0.28	0.16	0.31	0.71	-0.04	0.06	-0.38	-0.68	-0.79	-0.32	-0.69	0	-0.66	0.02	-0.39	-0.2	-0.55	-0.78	-0.47	-0.4	-0.41	-0.53	-0.38	0.02	-0.73	-0.63	0.28	-0.02	-0.13	0.34	-0.03	0.66	0	0.68	0.27	0.46	0.11	-0.12	0.19	0.26	0.25	0.13	0.28	0.68	-0.07	0.03	-0.4	-0.7	-0.81	-0.34	-0.71	-0.02	-0.68	0	-0.41	-0.22	-0.57	-0.8	-0.49	-0.42	-0.43	-0.55	-0.4	0	-0.75	-0.65	0.01	-0.29	-0.4	0.07	-0.3	0.39	-0.27	0.41	0	0.19	-0.16	-0.39	-0.08	-0.01	-0.02	-0.14	0.01	0.41	-0.34	-0.24	-0.18	-0.48	-0.59	-0.12	-0.49	0.2	-0.46	0.22	-0.19	0	-0.35	-0.58	-0.27	-0.2	-0.21	-0.33	-0.18	0.22	-0.53	-0.43	0.17	-0.13	-0.24	0.23	-0.14	0.55	-0.11	0.57	0.16	0.35	0	-0.23	0.08	0.15	0.14	0.02	0.17	0.57	-0.18	-0.08	0.4	0.1	-0.01	0.46	0.09	0.78	0.12	0.8	0.39	0.58	0.23	0	0.31	0.38	0.37	0.25	0.4	0.8	0.05	0.15	0.09	-0.21	-0.32	0.15	-0.22	0.47	-0.19	0.49	0.08	0.27	-0.08	-0.31	0	0.07	0.06	-0.06	0.09	0.49	-0.26	-0.16	0.02	-0.28	-0.39	0.08	-0.29	0.4	-0.26	0.42	0.01	0.2	-0.15	-0.38	-0.07	0	-0.01	-0.13	0.02	0.42	-0.33	-0.23	0.03	-0.27	-0.38	0.09	-0.28	0.41	-0.25	0.43	0.02	0.21	-0.14	-0.37	-0.06	0.01	0	-0.12	0.03	0.43	-0.32	-0.22	0.15	-0.15	-0.26	0.21	-0.16	0.53	-0.13	0.55	0.14	0.33	-0.02	-0.25	0.06	0.13	0.12	0	0.15	0.55	-0.2	-0.1	0	-0.3	-0.41	0.06	-0.31	0.38	-0.28	0.4	-0.01	0.18	-0.17	-0.4	-0.09	-0.02	-0.03	-0.15	0	0.4	-0.35	-0.25	-0.4	-0.7	-0.81	-0.34	-0.71	-0.02	-0.68	0	-0.41	-0.22	-0.57	-0.8	-0.49	-0.42	-0.43	-0.55	-0.4	0	-0.75	-0.65	0.35	0.05	-0.06	0.41	0.04	0.73	0.07	0.75	0.34	0.53	0.18	-0.05	0.26	0.33	0.32	0.2	0.35	0.75	0	0.1	0.25	-0.05	-0.16	0.31	-0.06	0.63	-0.03	0.65	0.24	0.43	0.08	-0.15	0.16	0.23	0.22	0.1	0.25	0.65	-0.1	0
"ARGP820101"	0	-0.46	0.15	0.14	-1.41	0.54	0	-1.61	-0.54	-0.92	-0.57	0.55	-1.34	0.61	0.01	0.56	0.56	-0.71	-2.04	-1.27	0.46	0	0.61	0.6	-0.95	1	0.46	-1.15	-0.08	-0.46	-0.11	1.01	-0.88	1.07	0.47	1.02	1.02	-0.25	-1.58	-0.81	-0.15	-0.61	0	-0.01	-1.56	0.39	-0.15	-1.76	-0.69	-1.07	-0.72	0.4	-1.49	0.46	-0.14	0.41	0.41	-0.86	-2.19	-1.42	-0.14	-0.6	0.01	0	-1.55	0.4	-0.14	-1.75	-0.68	-1.06	-0.71	0.41	-1.48	0.47	-0.13	0.42	0.42	-0.85	-2.18	-1.41	1.41	0.95	1.56	1.55	0	1.95	1.41	-0.2	0.87	0.49	0.84	1.96	0.07	2.02	1.42	1.97	1.97	0.7	-0.63	0.14	-0.54	-1	-0.39	-0.4	-1.95	0	-0.54	-2.15	-1.08	-1.46	-1.11	0.01	-1.88	0.07	-0.53	0.02	0.02	-1.25	-2.58	-1.81	0	-0.46	0.15	0.14	-1.41	0.54	0	-1.61	-0.54	-0.92	-0.57	0.55	-1.34	0.61	0.01	0.56	0.56	-0.71	-2.04	-1.27	1.61	1.15	1.76	1.75	0.2	2.15	1.61	0	1.07	0.69	1.04	2.16	0.27	2.22	1.62	2.17	2.17	0.9	-0.43	0.34	0.54	0.08	0.69	0.68	-0.87	1.08	0.54	-1.07	0	-0.38	-0.03	1.09	-0.8	1.15	0.55	1.1	1.1	-0.17	-1.5	-0.73	0.92	0.46	1.07	1.06	-0.49	1.46	0.92	-0.69	0.38	0	0.35	1.47	-0.42	1.53	0.93	1.48	1.48	0.21	-1.12	-0.35	0.57	0.11	0.72	0.71	-0.84	1.11	0.57	-1.04	0.03	-0.35	0	1.12	-0.77	1.18	0.58	1.13	1.13	-0.14	-1.47	-0.7	-0.55	-1.01	-0.4	-0.41	-1.96	-0.01	-0.55	-2.16	-1.09	-1.47	-1.12	0	-1.89	0.06	-0.54	0.01	0.01	-1.26	-2.59	-1.82	1.34	0.88	1.49	1.48	-0.07	1.88	1.34	-0.27	0.8	0.42	0.77	1.89	0	1.95	1.35	1.9	1.9	0.63	-0.7	0.07	-0.61	-1.07	-0.46	-0.47	-2.02	-0.07	-0.61	-2.22	-1.15	-1.53	-1.18	-0.06	-1.95	0	-0.6	-0.05	-0.05	-1.32	-2.65	-1.88	-0.01	-0.47	0.14	0.13	-1.42	0.53	-0.01	-1.62	-0.55	-0.93	-0.58	0.54	-1.35	0.6	0	0.55	0.55	-0.72	-2.05	-1.28	-0.56	-1.02	-0.41	-0.42	-1.97	-0.02	-0.56	-2.17	-1.1	-1.48	-1.13	-0.01	-1.9	0.05	-0.55	0	0	-1.27	-2.6	-1.83	-0.56	-1.02	-0.41	-0.42	-1.97	-0.02	-0.56	-2.17	-1.1	-1.48	-1.13	-0.01	-1.9	0.05	-0.55	0	0	-1.27	-2.6	-1.83	0.71	0.25	0.86	0.85	-0.7	1.25	0.71	-0.9	0.17	-0.21	0.14	1.26	-0.63	1.32	0.72	1.27	1.27	0	-1.33	-0.56	2.04	1.58	2.19	2.18	0.63	2.58	2.04	0.43	1.5	1.12	1.47	2.59	0.7	2.65	2.05	2.6	2.6	1.33	0	0.77	1.27	0.81	1.42	1.41	-0.14	1.81	1.27	-0.34	0.73	0.35	0.7	1.82	-0.07	1.88	1.28	1.83	1.83	0.56	-0.77	0
"ARGP820102"	0	-0.71	1.13	1.07	-0.78	0.69	0.87	-0.27	1.12	-2.05	-1.49	0.95	0.42	0.46	0.98	0.21	0.34	0.1	0.41	0.79	0.71	0	1.84	1.78	-0.07	1.4	1.58	0.44	1.83	-1.34	-0.78	1.66	1.13	1.17	1.69	0.92	1.05	0.81	1.12	1.5	-1.13	-1.84	0	-0.06	-1.91	-0.44	-0.26	-1.4	-0.01	-3.18	-2.62	-0.18	-0.71	-0.67	-0.15	-0.92	-0.79	-1.03	-0.72	-0.34	-1.07	-1.78	0.06	0	-1.85	-0.38	-0.2	-1.34	0.05	-3.12	-2.56	-0.12	-0.65	-0.61	-0.09	-0.86	-0.73	-0.97	-0.66	-0.28	0.78	0.07	1.91	1.85	0	1.47	1.65	0.51	1.9	-1.27	-0.71	1.73	1.2	1.24	1.76	0.99	1.12	0.88	1.19	1.57	-0.69	-1.4	0.44	0.38	-1.47	0	0.18	-0.96	0.43	-2.74	-2.18	0.26	-0.27	-0.23	0.29	-0.48	-0.35	-0.59	-0.28	0.1	-0.87	-1.58	0.26	0.2	-1.65	-0.18	0	-1.14	0.25	-2.92	-2.36	0.08	-0.45	-0.41	0.11	-0.66	-0.53	-0.77	-0.46	-0.08	0.27	-0.44	1.4	1.34	-0.51	0.96	1.14	0	1.39	-1.78	-1.22	1.22	0.69	0.73	1.25	0.48	0.61	0.37	0.68	1.06	-1.12	-1.83	0.01	-0.05	-1.9	-0.43	-0.25	-1.39	0	-3.17	-2.61	-0.17	-0.7	-0.66	-0.14	-0.91	-0.78	-1.02	-0.71	-0.33	2.05	1.34	3.18	3.12	1.27	2.74	2.92	1.78	3.17	0	0.56	3	2.47	2.51	3.03	2.26	2.39	2.15	2.46	2.84	1.49	0.78	2.62	2.56	0.71	2.18	2.36	1.22	2.61	-0.56	0	2.44	1.91	1.95	2.47	1.7	1.83	1.59	1.9	2.28	-0.95	-1.66	0.18	0.12	-1.73	-0.26	-0.08	-1.22	0.17	-3	-2.44	0	-0.53	-0.49	0.03	-0.74	-0.61	-0.85	-0.54	-0.16	-0.42	-1.13	0.71	0.65	-1.2	0.27	0.45	-0.69	0.7	-2.47	-1.91	0.53	0	0.04	0.56	-0.21	-0.08	-0.32	-0.01	0.37	-0.46	-1.17	0.67	0.61	-1.24	0.23	0.41	-0.73	0.66	-2.51	-1.95	0.49	-0.04	0	0.52	-0.25	-0.12	-0.36	-0.05	0.33	-0.98	-1.69	0.15	0.09	-1.76	-0.29	-0.11	-1.25	0.14	-3.03	-2.47	-0.03	-0.56	-0.52	0	-0.77	-0.64	-0.88	-0.57	-0.19	-0.21	-0.92	0.92	0.86	-0.99	0.48	0.66	-0.48	0.91	-2.26	-1.7	0.74	0.21	0.25	0.77	0	0.13	-0.11	0.2	0.58	-0.34	-1.05	0.79	0.73	-1.12	0.35	0.53	-0.61	0.78	-2.39	-1.83	0.61	0.08	0.12	0.64	-0.13	0	-0.24	0.07	0.45	-0.1	-0.81	1.03	0.97	-0.88	0.59	0.77	-0.37	1.02	-2.15	-1.59	0.85	0.32	0.36	0.88	0.11	0.24	0	0.31	0.69	-0.41	-1.12	0.72	0.66	-1.19	0.28	0.46	-0.68	0.71	-2.46	-1.9	0.54	0.01	0.05	0.57	-0.2	-0.07	-0.31	0	0.38	-0.79	-1.5	0.34	0.28	-1.57	-0.1	0.08	-1.06	0.33	-2.84	-2.28	0.16	-0.37	-0.33	0.19	-0.58	-0.45	-0.69	-0.38	0
"ARGP820103"	0	0.33	1.42	1.33	-0.47	0.94	1.27	-0.11	1.41	-1.37	-1.4	1.29	0.8	1.05	1.11	0.75	0.65	0.42	0.48	0.88	-0.33	0	1.09	1	-0.8	0.61	0.94	-0.44	1.08	-1.7	-1.73	0.96	0.47	0.72	0.78	0.42	0.32	0.09	0.15	0.55	-1.42	-1.09	0	-0.09	-1.89	-0.48	-0.15	-1.53	-0.01	-2.79	-2.82	-0.13	-0.62	-0.37	-0.31	-0.67	-0.77	-1	-0.94	-0.54	-1.33	-1	0.09	0	-1.8	-0.39	-0.06	-1.44	0.08	-2.7	-2.73	-0.04	-0.53	-0.28	-0.22	-0.58	-0.68	-0.91	-0.85	-0.45	0.47	0.8	1.89	1.8	0	1.41	1.74	0.36	1.88	-0.9	-0.93	1.76	1.27	1.52	1.58	1.22	1.12	0.89	0.95	1.35	-0.94	-0.61	0.48	0.39	-1.41	0	0.33	-1.05	0.47	-2.31	-2.34	0.35	-0.14	0.11	0.17	-0.19	-0.29	-0.52	-0.46	-0.06	-1.27	-0.94	0.15	0.06	-1.74	-0.33	0	-1.38	0.14	-2.64	-2.67	0.02	-0.47	-0.22	-0.16	-0.52	-0.62	-0.85	-0.79	-0.39	0.11	0.44	1.53	1.44	-0.36	1.05	1.38	0	1.52	-1.26	-1.29	1.4	0.91	1.16	1.22	0.86	0.76	0.53	0.59	0.99	-1.41	-1.08	0.01	-0.08	-1.88	-0.47	-0.14	-1.52	0	-2.78	-2.81	-0.12	-0.61	-0.36	-0.3	-0.66	-0.76	-0.99	-0.93	-0.53	1.37	1.7	2.79	2.7	0.9	2.31	2.64	1.26	2.78	0	-0.03	2.66	2.17	2.42	2.48	2.12	2.02	1.79	1.85	2.25	1.4	1.73	2.82	2.73	0.93	2.34	2.67	1.29	2.81	0.03	0	2.69	2.2	2.45	2.51	2.15	2.05	1.82	1.88	2.28	-1.29	-0.96	0.13	0.04	-1.76	-0.35	-0.02	-1.4	0.12	-2.66	-2.69	0	-0.49	-0.24	-0.18	-0.54	-0.64	-0.87	-0.81	-0.41	-0.8	-0.47	0.62	0.53	-1.27	0.14	0.47	-0.91	0.61	-2.17	-2.2	0.49	0	0.25	0.31	-0.05	-0.15	-0.38	-0.32	0.08	-1.05	-0.72	0.37	0.28	-1.52	-0.11	0.22	-1.16	0.36	-2.42	-2.45	0.24	-0.25	0	0.06	-0.3	-0.4	-0.63	-0.57	-0.17	-1.11	-0.78	0.31	0.22	-1.58	-0.17	0.16	-1.22	0.3	-2.48	-2.51	0.18	-0.31	-0.06	0	-0.36	-0.46	-0.69	-0.63	-0.23	-0.75	-0.42	0.67	0.58	-1.22	0.19	0.52	-0.86	0.66	-2.12	-2.15	0.54	0.05	0.3	0.36	0	-0.1	-0.33	-0.27	0.13	-0.65	-0.32	0.77	0.68	-1.12	0.29	0.62	-0.76	0.76	-2.02	-2.05	0.64	0.15	0.4	0.46	0.1	0	-0.23	-0.17	0.23	-0.42	-0.09	1	0.91	-0.89	0.52	0.85	-0.53	0.99	-1.79	-1.82	0.87	0.38	0.63	0.69	0.33	0.23	0	0.06	0.46	-0.48	-0.15	0.94	0.85	-0.95	0.46	0.79	-0.59	0.93	-1.85	-1.88	0.81	0.32	0.57	0.63	0.27	0.17	-0.06	0	0.4	-0.88	-0.55	0.54	0.45	-1.35	0.06	0.39	-0.99	0.53	-2.25	-2.28	0.41	-0.08	0.17	0.23	-0.13	-0.23	-0.46	-0.4	0
"BEGF750101"	0	0.94	0.56	0.27	0.4	0.65	0.4	0.27	0.4	0	0	0.65	0.94	0.56	0.48	0.65	0.56	0.18	0.27	0.56	-0.94	0	-0.38	-0.67	-0.54	-0.29	-0.54	-0.67	-0.54	-0.94	-0.94	-0.29	0	-0.38	-0.46	-0.29	-0.38	-0.76	-0.67	-0.38	-0.56	0.38	0	-0.29	-0.16	0.09	-0.16	-0.29	-0.16	-0.56	-0.56	0.09	0.38	0	-0.08	0.09	0	-0.38	-0.29	0	-0.27	0.67	0.29	0	0.13	0.38	0.13	0	0.13	-0.27	-0.27	0.38	0.67	0.29	0.21	0.38	0.29	-0.09	0	0.29	-0.4	0.54	0.16	-0.13	0	0.25	0	-0.13	0	-0.4	-0.4	0.25	0.54	0.16	0.08	0.25	0.16	-0.22	-0.13	0.16	-0.65	0.29	-0.09	-0.38	-0.25	0	-0.25	-0.38	-0.25	-0.65	-0.65	0	0.29	-0.09	-0.17	0	-0.09	-0.47	-0.38	-0.09	-0.4	0.54	0.16	-0.13	0	0.25	0	-0.13	0	-0.4	-0.4	0.25	0.54	0.16	0.08	0.25	0.16	-0.22	-0.13	0.16	-0.27	0.67	0.29	0	0.13	0.38	0.13	0	0.13	-0.27	-0.27	0.38	0.67	0.29	0.21	0.38	0.29	-0.09	0	0.29	-0.4	0.54	0.16	-0.13	0	0.25	0	-0.13	0	-0.4	-0.4	0.25	0.54	0.16	0.08	0.25	0.16	-0.22	-0.13	0.16	0	0.94	0.56	0.27	0.4	0.65	0.4	0.27	0.4	0	0	0.65	0.94	0.56	0.48	0.65	0.56	0.18	0.27	0.56	0	0.94	0.56	0.27	0.4	0.65	0.4	0.27	0.4	0	0	0.65	0.94	0.56	0.48	0.65	0.56	0.18	0.27	0.56	-0.65	0.29	-0.09	-0.38	-0.25	0	-0.25	-0.38	-0.25	-0.65	-0.65	0	0.29	-0.09	-0.17	0	-0.09	-0.47	-0.38	-0.09	-0.94	0	-0.38	-0.67	-0.54	-0.29	-0.54	-0.67	-0.54	-0.94	-0.94	-0.29	0	-0.38	-0.46	-0.29	-0.38	-0.76	-0.67	-0.38	-0.56	0.38	0	-0.29	-0.16	0.09	-0.16	-0.29	-0.16	-0.56	-0.56	0.09	0.38	0	-0.08	0.09	0	-0.38	-0.29	0	-0.48	0.46	0.08	-0.21	-0.08	0.17	-0.08	-0.21	-0.08	-0.48	-0.48	0.17	0.46	0.08	0	0.17	0.08	-0.3	-0.21	0.08	-0.65	0.29	-0.09	-0.38	-0.25	0	-0.25	-0.38	-0.25	-0.65	-0.65	0	0.29	-0.09	-0.17	0	-0.09	-0.47	-0.38	-0.09	-0.56	0.38	0	-0.29	-0.16	0.09	-0.16	-0.29	-0.16	-0.56	-0.56	0.09	0.38	0	-0.08	0.09	0	-0.38	-0.29	0	-0.18	0.76	0.38	0.09	0.22	0.47	0.22	0.09	0.22	-0.18	-0.18	0.47	0.76	0.38	0.3	0.47	0.38	0	0.09	0.38	-0.27	0.67	0.29	0	0.13	0.38	0.13	0	0.13	-0.27	-0.27	0.38	0.67	0.29	0.21	0.38	0.29	-0.09	0	0.29	-0.56	0.38	0	-0.29	-0.16	0.09	-0.16	-0.29	-0.16	-0.56	-0.56	0.09	0.38	0	-0.08	0.09	0	-0.38	-0.29	0
"BEGF750102"	0	0.12	0.12	0.22	-0.21	0.12	-0.06	-0.21	0.22	-0.06	-0.21	0.22	0.22	0.05	0.05	0.22	-0.06	-0.21	0	-0.06	-0.12	0	0	0.1	-0.33	0	-0.18	-0.33	0.1	-0.18	-0.33	0.1	0.1	-0.07	-0.07	0.1	-0.18	-0.33	-0.12	-0.18	-0.12	0	0	0.1	-0.33	0	-0.18	-0.33	0.1	-0.18	-0.33	0.1	0.1	-0.07	-0.07	0.1	-0.18	-0.33	-0.12	-0.18	-0.22	-0.1	-0.1	0	-0.43	-0.1	-0.28	-0.43	0	-0.28	-0.43	0	0	-0.17	-0.17	0	-0.28	-0.43	-0.22	-0.28	0.21	0.33	0.33	0.43	0	0.33	0.15	0	0.43	0.15	0	0.43	0.43	0.26	0.26	0.43	0.15	0	0.21	0.15	-0.12	0	0	0.1	-0.33	0	-0.18	-0.33	0.1	-0.18	-0.33	0.1	0.1	-0.07	-0.07	0.1	-0.18	-0.33	-0.12	-0.18	0.06	0.18	0.18	0.28	-0.15	0.18	0	-0.15	0.28	0	-0.15	0.28	0.28	0.11	0.11	0.28	0	-0.15	0.06	0	0.21	0.33	0.33	0.43	0	0.33	0.15	0	0.43	0.15	0	0.43	0.43	0.26	0.26	0.43	0.15	0	0.21	0.15	-0.22	-0.1	-0.1	0	-0.43	-0.1	-0.28	-0.43	0	-0.28	-0.43	0	0	-0.17	-0.17	0	-0.28	-0.43	-0.22	-0.28	0.06	0.18	0.18	0.28	-0.15	0.18	0	-0.15	0.28	0	-0.15	0.28	0.28	0.11	0.11	0.28	0	-0.15	0.06	0	0.21	0.33	0.33	0.43	0	0.33	0.15	0	0.43	0.15	0	0.43	0.43	0.26	0.26	0.43	0.15	0	0.21	0.15	-0.22	-0.1	-0.1	0	-0.43	-0.1	-0.28	-0.43	0	-0.28	-0.43	0	0	-0.17	-0.17	0	-0.28	-0.43	-0.22	-0.28	-0.22	-0.1	-0.1	0	-0.43	-0.1	-0.28	-0.43	0	-0.28	-0.43	0	0	-0.17	-0.17	0	-0.28	-0.43	-0.22	-0.28	-0.05	0.07	0.07	0.17	-0.26	0.07	-0.11	-0.26	0.17	-0.11	-0.26	0.17	0.17	0	0	0.17	-0.11	-0.26	-0.05	-0.11	-0.05	0.07	0.07	0.17	-0.26	0.07	-0.11	-0.26	0.17	-0.11	-0.26	0.17	0.17	0	0	0.17	-0.11	-0.26	-0.05	-0.11	-0.22	-0.1	-0.1	0	-0.43	-0.1	-0.28	-0.43	0	-0.28	-0.43	0	0	-0.17	-0.17	0	-0.28	-0.43	-0.22	-0.28	0.06	0.18	0.18	0.28	-0.15	0.18	0	-0.15	0.28	0	-0.15	0.28	0.28	0.11	0.11	0.28	0	-0.15	0.06	0	0.21	0.33	0.33	0.43	0	0.33	0.15	0	0.43	0.15	0	0.43	0.43	0.26	0.26	0.43	0.15	0	0.21	0.15	0	0.12	0.12	0.22	-0.21	0.12	-0.06	-0.21	0.22	-0.06	-0.21	0.22	0.22	0.05	0.05	0.22	-0.06	-0.21	0	-0.06	0.06	0.18	0.18	0.28	-0.15	0.18	0	-0.15	0.28	0	-0.15	0.28	0.28	0.11	0.11	0.28	0	-0.15	0.06	0
"BEGF750103"	0	-0.47	-0.6	-0.16	-0.16	-0.6	-0.38	0	-0.38	-0.16	-0.27	-0.6	-0.6	-0.27	-0.47	-0.47	-0.38	0	-0.6	-0.47	0.47	0	-0.13	0.31	0.31	-0.13	0.09	0.47	0.09	0.31	0.2	-0.13	-0.13	0.2	0	0	0.09	0.47	-0.13	0	0.6	0.13	0	0.44	0.44	0	0.22	0.6	0.22	0.44	0.33	0	0	0.33	0.13	0.13	0.22	0.6	0	0.13	0.16	-0.31	-0.44	0	0	-0.44	-0.22	0.16	-0.22	0	-0.11	-0.44	-0.44	-0.11	-0.31	-0.31	-0.22	0.16	-0.44	-0.31	0.16	-0.31	-0.44	0	0	-0.44	-0.22	0.16	-0.22	0	-0.11	-0.44	-0.44	-0.11	-0.31	-0.31	-0.22	0.16	-0.44	-0.31	0.6	0.13	0	0.44	0.44	0	0.22	0.6	0.22	0.44	0.33	0	0	0.33	0.13	0.13	0.22	0.6	0	0.13	0.38	-0.09	-0.22	0.22	0.22	-0.22	0	0.38	0	0.22	0.11	-0.22	-0.22	0.11	-0.09	-0.09	0	0.38	-0.22	-0.09	0	-0.47	-0.6	-0.16	-0.16	-0.6	-0.38	0	-0.38	-0.16	-0.27	-0.6	-0.6	-0.27	-0.47	-0.47	-0.38	0	-0.6	-0.47	0.38	-0.09	-0.22	0.22	0.22	-0.22	0	0.38	0	0.22	0.11	-0.22	-0.22	0.11	-0.09	-0.09	0	0.38	-0.22	-0.09	0.16	-0.31	-0.44	0	0	-0.44	-0.22	0.16	-0.22	0	-0.11	-0.44	-0.44	-0.11	-0.31	-0.31	-0.22	0.16	-0.44	-0.31	0.27	-0.2	-0.33	0.11	0.11	-0.33	-0.11	0.27	-0.11	0.11	0	-0.33	-0.33	0	-0.2	-0.2	-0.11	0.27	-0.33	-0.2	0.6	0.13	0	0.44	0.44	0	0.22	0.6	0.22	0.44	0.33	0	0	0.33	0.13	0.13	0.22	0.6	0	0.13	0.6	0.13	0	0.44	0.44	0	0.22	0.6	0.22	0.44	0.33	0	0	0.33	0.13	0.13	0.22	0.6	0	0.13	0.27	-0.2	-0.33	0.11	0.11	-0.33	-0.11	0.27	-0.11	0.11	0	-0.33	-0.33	0	-0.2	-0.2	-0.11	0.27	-0.33	-0.2	0.47	0	-0.13	0.31	0.31	-0.13	0.09	0.47	0.09	0.31	0.2	-0.13	-0.13	0.2	0	0	0.09	0.47	-0.13	0	0.47	0	-0.13	0.31	0.31	-0.13	0.09	0.47	0.09	0.31	0.2	-0.13	-0.13	0.2	0	0	0.09	0.47	-0.13	0	0.38	-0.09	-0.22	0.22	0.22	-0.22	0	0.38	0	0.22	0.11	-0.22	-0.22	0.11	-0.09	-0.09	0	0.38	-0.22	-0.09	0	-0.47	-0.6	-0.16	-0.16	-0.6	-0.38	0	-0.38	-0.16	-0.27	-0.6	-0.6	-0.27	-0.47	-0.47	-0.38	0	-0.6	-0.47	0.6	0.13	0	0.44	0.44	0	0.22	0.6	0.22	0.44	0.33	0	0	0.33	0.13	0.13	0.22	0.6	0	0.13	0.47	0	-0.13	0.31	0.31	-0.13	0.09	0.47	0.09	0.31	0.2	-0.13	-0.13	0.2	0	0	0.09	0.47	-0.13	0
"BHAR880101"	0	0.011	-0.154	-0.14	0.043	-0.187	0.034	-0.105	-0.109	-0.008	0.062	-0.106	-0.152	-0.136	-0.172	-0.15	-0.087	-0.029	0.052	-0.063	-0.011	0	-0.165	-0.151	0.032	-0.198	0.023	-0.116	-0.12	-0.019	0.051	-0.117	-0.163	-0.147	-0.183	-0.161	-0.098	-0.04	0.041	-0.074	0.154	0.165	0	0.014	0.197	-0.033	0.188	0.049	0.045	0.146	0.216	0.048	0.002	0.018	-0.018	0.004	0.067	0.125	0.206	0.091	0.14	0.151	-0.014	0	0.183	-0.047	0.174	0.035	0.031	0.132	0.202	0.034	-0.012	0.004	-0.032	-0.01	0.053	0.111	0.192	0.077	-0.043	-0.032	-0.197	-0.183	0	-0.23	-0.009	-0.148	-0.152	-0.051	0.019	-0.149	-0.195	-0.179	-0.215	-0.193	-0.13	-0.072	0.009	-0.106	0.187	0.198	0.033	0.047	0.23	0	0.221	0.082	0.078	0.179	0.249	0.081	0.035	0.051	0.015	0.037	0.1	0.158	0.239	0.124	-0.034	-0.023	-0.188	-0.174	0.009	-0.221	0	-0.139	-0.143	-0.042	0.028	-0.14	-0.186	-0.17	-0.206	-0.184	-0.121	-0.063	0.018	-0.097	0.105	0.116	-0.049	-0.035	0.148	-0.082	0.139	0	-0.004	0.097	0.167	-0.001	-0.047	-0.031	-0.067	-0.045	0.018	0.076	0.157	0.042	0.109	0.12	-0.045	-0.031	0.152	-0.078	0.143	0.004	0	0.101	0.171	0.003	-0.043	-0.027	-0.063	-0.041	0.022	0.08	0.161	0.046	0.008	0.019	-0.146	-0.132	0.051	-0.179	0.042	-0.097	-0.101	0	0.07	-0.098	-0.144	-0.128	-0.164	-0.142	-0.079	-0.021	0.06	-0.055	-0.062	-0.051	-0.216	-0.202	-0.019	-0.249	-0.028	-0.167	-0.171	-0.07	0	-0.168	-0.214	-0.198	-0.234	-0.212	-0.149	-0.091	-0.01	-0.125	0.106	0.117	-0.048	-0.034	0.149	-0.081	0.14	0.001	-0.003	0.098	0.168	0	-0.046	-0.03	-0.066	-0.044	0.019	0.077	0.158	0.043	0.152	0.163	-0.002	0.012	0.195	-0.035	0.186	0.047	0.043	0.144	0.214	0.046	0	0.016	-0.02	0.002	0.065	0.123	0.204	0.089	0.136	0.147	-0.018	-0.004	0.179	-0.051	0.17	0.031	0.027	0.128	0.198	0.03	-0.016	0	-0.036	-0.014	0.049	0.107	0.188	0.073	0.172	0.183	0.018	0.032	0.215	-0.015	0.206	0.067	0.063	0.164	0.234	0.066	0.02	0.036	0	0.022	0.085	0.143	0.224	0.109	0.15	0.161	-0.004	0.01	0.193	-0.037	0.184	0.045	0.041	0.142	0.212	0.044	-0.002	0.014	-0.022	0	0.063	0.121	0.202	0.087	0.087	0.098	-0.067	-0.053	0.13	-0.1	0.121	-0.018	-0.022	0.079	0.149	-0.019	-0.065	-0.049	-0.085	-0.063	0	0.058	0.139	0.024	0.029	0.04	-0.125	-0.111	0.072	-0.158	0.063	-0.076	-0.08	0.021	0.091	-0.077	-0.123	-0.107	-0.143	-0.121	-0.058	0	0.081	-0.034	-0.052	-0.041	-0.206	-0.192	-0.009	-0.239	-0.018	-0.157	-0.161	-0.06	0.01	-0.158	-0.204	-0.188	-0.224	-0.202	-0.139	-0.081	0	-0.115	0.063	0.074	-0.091	-0.077	0.106	-0.124	0.097	-0.042	-0.046	0.055	0.125	-0.043	-0.089	-0.073	-0.109	-0.087	-0.024	0.034	0.115	0
"BIGC670101"	0	-15.7	-15.8	-32.1	-61.3	16.3	-39.3	-49.4	-52.5	-49.4	-45.1	-23.1	-21	-37.1	-56.5	-2.3	-18.6	-32.5	-82.8	-63.6	15.7	0	-0.1	-16.4	-45.6	32	-23.6	-33.7	-36.8	-33.7	-29.4	-7.4	-5.3	-21.4	-40.8	13.4	-2.9	-16.8	-67.1	-47.9	15.8	0.1	0	-16.3	-45.5	32.1	-23.5	-33.6	-36.7	-33.6	-29.3	-7.3	-5.2	-21.3	-40.7	13.5	-2.8	-16.7	-67	-47.8	32.1	16.4	16.3	0	-29.2	48.4	-7.2	-17.3	-20.4	-17.3	-13	9	11.1	-5	-24.4	29.8	13.5	-0.4	-50.7	-31.5	61.3	45.6	45.5	29.2	0	77.6	22	11.9	8.8	11.9	16.2	38.2	40.3	24.2	4.8	59	42.7	28.8	-21.5	-2.3	-16.3	-32	-32.1	-48.4	-77.6	0	-55.6	-65.7	-68.8	-65.7	-61.4	-39.4	-37.3	-53.4	-72.8	-18.6	-34.9	-48.8	-99.1	-79.9	39.3	23.6	23.5	7.2	-22	55.6	0	-10.1	-13.2	-10.1	-5.8	16.2	18.3	2.2	-17.2	37	20.7	6.8	-43.5	-24.3	49.4	33.7	33.6	17.3	-11.9	65.7	10.1	0	-3.1	0	4.3	26.3	28.4	12.3	-7.1	47.1	30.8	16.9	-33.4	-14.2	52.5	36.8	36.7	20.4	-8.8	68.8	13.2	3.1	0	3.1	7.4	29.4	31.5	15.4	-4	50.2	33.9	20	-30.3	-11.1	49.4	33.7	33.6	17.3	-11.9	65.7	10.1	0	-3.1	0	4.3	26.3	28.4	12.3	-7.1	47.1	30.8	16.9	-33.4	-14.2	45.1	29.4	29.3	13	-16.2	61.4	5.8	-4.3	-7.4	-4.3	0	22	24.1	8	-11.4	42.8	26.5	12.6	-37.7	-18.5	23.1	7.4	7.3	-9	-38.2	39.4	-16.2	-26.3	-29.4	-26.3	-22	0	2.1	-14	-33.4	20.8	4.5	-9.4	-59.7	-40.5	21	5.3	5.2	-11.1	-40.3	37.3	-18.3	-28.4	-31.5	-28.4	-24.1	-2.1	0	-16.1	-35.5	18.7	2.4	-11.5	-61.8	-42.6	37.1	21.4	21.3	5	-24.2	53.4	-2.2	-12.3	-15.4	-12.3	-8	14	16.1	0	-19.4	34.8	18.5	4.6	-45.7	-26.5	56.5	40.8	40.7	24.4	-4.8	72.8	17.2	7.1	4	7.1	11.4	33.4	35.5	19.4	0	54.2	37.9	24	-26.3	-7.1	2.3	-13.4	-13.5	-29.8	-59	18.6	-37	-47.1	-50.2	-47.1	-42.8	-20.8	-18.7	-34.8	-54.2	0	-16.3	-30.2	-80.5	-61.3	18.6	2.9	2.8	-13.5	-42.7	34.9	-20.7	-30.8	-33.9	-30.8	-26.5	-4.5	-2.4	-18.5	-37.9	16.3	0	-13.9	-64.2	-45	32.5	16.8	16.7	0.4	-28.8	48.8	-6.8	-16.9	-20	-16.9	-12.6	9.4	11.5	-4.6	-24	30.2	13.9	0	-50.3	-31.1	82.8	67.1	67	50.7	21.5	99.1	43.5	33.4	30.3	33.4	37.7	59.7	61.8	45.7	26.3	80.5	64.2	50.3	0	19.2	63.6	47.9	47.8	31.5	2.3	79.9	24.3	14.2	11.1	14.2	18.5	40.5	42.6	26.5	7.1	61.3	45	31.1	-19.2	0
"BIOV880101"	0	-152	94	122	-173	29	-34	-135	157	-129	-108	90	36	89	86	86	54	-107	-129	-37	152	0	246	274	-21	181	118	17	309	23	44	242	188	241	238	238	206	45	23	115	-94	-246	0	28	-267	-65	-128	-229	63	-223	-202	-4	-58	-5	-8	-8	-40	-201	-223	-131	-122	-274	-28	0	-295	-93	-156	-257	35	-251	-230	-32	-86	-33	-36	-36	-68	-229	-251	-159	173	21	267	295	0	202	139	38	330	44	65	263	209	262	259	259	227	66	44	136	-29	-181	65	93	-202	0	-63	-164	128	-158	-137	61	7	60	57	57	25	-136	-158	-66	34	-118	128	156	-139	63	0	-101	191	-95	-74	124	70	123	120	120	88	-73	-95	-3	135	-17	229	257	-38	164	101	0	292	6	27	225	171	224	221	221	189	28	6	98	-157	-309	-63	-35	-330	-128	-191	-292	0	-286	-265	-67	-121	-68	-71	-71	-103	-264	-286	-194	129	-23	223	251	-44	158	95	-6	286	0	21	219	165	218	215	215	183	22	0	92	108	-44	202	230	-65	137	74	-27	265	-21	0	198	144	197	194	194	162	1	-21	71	-90	-242	4	32	-263	-61	-124	-225	67	-219	-198	0	-54	-1	-4	-4	-36	-197	-219	-127	-36	-188	58	86	-209	-7	-70	-171	121	-165	-144	54	0	53	50	50	18	-143	-165	-73	-89	-241	5	33	-262	-60	-123	-224	68	-218	-197	1	-53	0	-3	-3	-35	-196	-218	-126	-86	-238	8	36	-259	-57	-120	-221	71	-215	-194	4	-50	3	0	0	-32	-193	-215	-123	-86	-238	8	36	-259	-57	-120	-221	71	-215	-194	4	-50	3	0	0	-32	-193	-215	-123	-54	-206	40	68	-227	-25	-88	-189	103	-183	-162	36	-18	35	32	32	0	-161	-183	-91	107	-45	201	229	-66	136	73	-28	264	-22	-1	197	143	196	193	193	161	0	-22	70	129	-23	223	251	-44	158	95	-6	286	0	21	219	165	218	215	215	183	22	0	92	37	-115	131	159	-136	66	3	-98	194	-92	-71	127	73	126	123	123	91	-70	-92	0
"BIOV880102"	0	-46	135	183	-104	52	-3	-56	232	-64	-77	116	80	161	112	104	98	-73	-119	22	46	0	181	229	-58	98	43	-10	278	-18	-31	162	126	207	158	150	144	-27	-73	68	-135	-181	0	48	-239	-83	-138	-191	97	-199	-212	-19	-55	26	-23	-31	-37	-208	-254	-113	-183	-229	-48	0	-287	-131	-186	-239	49	-247	-260	-67	-103	-22	-71	-79	-85	-256	-302	-161	104	58	239	287	0	156	101	48	336	40	27	220	184	265	216	208	202	31	-15	126	-52	-98	83	131	-156	0	-55	-108	180	-116	-129	64	28	109	60	52	46	-125	-171	-30	3	-43	138	186	-101	55	0	-53	235	-61	-74	119	83	164	115	107	101	-70	-116	25	56	10	191	239	-48	108	53	0	288	-8	-21	172	136	217	168	160	154	-17	-63	78	-232	-278	-97	-49	-336	-180	-235	-288	0	-296	-309	-116	-152	-71	-120	-128	-134	-305	-351	-210	64	18	199	247	-40	116	61	8	296	0	-13	180	144	225	176	168	162	-9	-55	86	77	31	212	260	-27	129	74	21	309	13	0	193	157	238	189	181	175	4	-42	99	-116	-162	19	67	-220	-64	-119	-172	116	-180	-193	0	-36	45	-4	-12	-18	-189	-235	-94	-80	-126	55	103	-184	-28	-83	-136	152	-144	-157	36	0	81	32	24	18	-153	-199	-58	-161	-207	-26	22	-265	-109	-164	-217	71	-225	-238	-45	-81	0	-49	-57	-63	-234	-280	-139	-112	-158	23	71	-216	-60	-115	-168	120	-176	-189	4	-32	49	0	-8	-14	-185	-231	-90	-104	-150	31	79	-208	-52	-107	-160	128	-168	-181	12	-24	57	8	0	-6	-177	-223	-82	-98	-144	37	85	-202	-46	-101	-154	134	-162	-175	18	-18	63	14	6	0	-171	-217	-76	73	27	208	256	-31	125	70	17	305	9	-4	189	153	234	185	177	171	0	-46	95	119	73	254	302	15	171	116	63	351	55	42	235	199	280	231	223	217	46	0	141	-22	-68	113	161	-126	30	-25	-78	210	-86	-99	94	58	139	90	82	76	-95	-141	0
"BROC820101"	0	16.5	10.2	14.4	-11.9	8.5	9.4	0.7	11	-12.7	1.7	13	2.2	7.6	10.9	11.4	6.5	3.8	-9	1.4	-16.5	0	-6.3	-2.1	-28.4	-8	-7.1	-15.8	-5.5	-29.2	-14.8	-3.5	-14.3	-8.9	-5.6	-5.1	-10	-12.7	-25.5	-15.1	-10.2	6.3	0	4.2	-22.1	-1.7	-0.8	-9.5	0.8	-22.9	-8.5	2.8	-8	-2.6	0.7	1.2	-3.7	-6.4	-19.2	-8.8	-14.4	2.1	-4.2	0	-26.3	-5.9	-5	-13.7	-3.4	-27.1	-12.7	-1.4	-12.2	-6.8	-3.5	-3	-7.9	-10.6	-23.4	-13	11.9	28.4	22.1	26.3	0	20.4	21.3	12.6	22.9	-0.8	13.6	24.9	14.1	19.5	22.8	23.3	18.4	15.7	2.9	13.3	-8.5	8	1.7	5.9	-20.4	0	0.9	-7.8	2.5	-21.2	-6.8	4.5	-6.3	-0.9	2.4	2.9	-2	-4.7	-17.5	-7.1	-9.4	7.1	0.8	5	-21.3	-0.9	0	-8.7	1.6	-22.1	-7.7	3.6	-7.2	-1.8	1.5	2	-2.9	-5.6	-18.4	-8	-0.7	15.8	9.5	13.7	-12.6	7.8	8.7	0	10.3	-13.4	1	12.3	1.5	6.9	10.2	10.7	5.8	3.1	-9.7	0.7	-11	5.5	-0.8	3.4	-22.9	-2.5	-1.6	-10.3	0	-23.7	-9.3	2	-8.8	-3.4	-0.1	0.4	-4.5	-7.2	-20	-9.6	12.7	29.2	22.9	27.1	0.8	21.2	22.1	13.4	23.7	0	14.4	25.7	14.9	20.3	23.6	24.1	19.2	16.5	3.7	14.1	-1.7	14.8	8.5	12.7	-13.6	6.8	7.7	-1	9.3	-14.4	0	11.3	0.5	5.9	9.2	9.7	4.8	2.1	-10.7	-0.3	-13	3.5	-2.8	1.4	-24.9	-4.5	-3.6	-12.3	-2	-25.7	-11.3	0	-10.8	-5.4	-2.1	-1.6	-6.5	-9.2	-22	-11.6	-2.2	14.3	8	12.2	-14.1	6.3	7.2	-1.5	8.8	-14.9	-0.5	10.8	0	5.4	8.7	9.2	4.3	1.6	-11.2	-0.8	-7.6	8.9	2.6	6.8	-19.5	0.9	1.8	-6.9	3.4	-20.3	-5.9	5.4	-5.4	0	3.3	3.8	-1.1	-3.8	-16.6	-6.2	-10.9	5.6	-0.7	3.5	-22.8	-2.4	-1.5	-10.2	0.1	-23.6	-9.2	2.1	-8.7	-3.3	0	0.5	-4.4	-7.1	-19.9	-9.5	-11.4	5.1	-1.2	3	-23.3	-2.9	-2	-10.7	-0.4	-24.1	-9.7	1.6	-9.2	-3.8	-0.5	0	-4.9	-7.6	-20.4	-10	-6.5	10	3.7	7.9	-18.4	2	2.9	-5.8	4.5	-19.2	-4.8	6.5	-4.3	1.1	4.4	4.9	0	-2.7	-15.5	-5.1	-3.8	12.7	6.4	10.6	-15.7	4.7	5.6	-3.1	7.2	-16.5	-2.1	9.2	-1.6	3.8	7.1	7.6	2.7	0	-12.8	-2.4	9	25.5	19.2	23.4	-2.9	17.5	18.4	9.7	20	-3.7	10.7	22	11.2	16.6	19.9	20.4	15.5	12.8	0	10.4	-1.4	15.1	8.8	13	-13.3	7.1	8	-0.7	9.6	-14.1	0.3	11.6	0.8	6.2	9.5	10	5.1	2.4	-10.4	0
"BROC820102"	0	18.2	6.7	11.4	-10.8	6.2	1.9	-7.1	6.4	-11.1	-0.2	6.7	-1.7	2.1	0.7	7.4	2.8	1.8	-13.9	0.1	-18.2	0	-11.5	-6.8	-29	-12	-16.3	-25.3	-11.8	-29.3	-18.4	-11.5	-19.9	-16.1	-17.5	-10.8	-15.4	-16.4	-32.1	-18.1	-6.7	11.5	0	4.7	-17.5	-0.5	-4.8	-13.8	-0.3	-17.8	-6.9	0	-8.4	-4.6	-6	0.7	-3.9	-4.9	-20.6	-6.6	-11.4	6.8	-4.7	0	-22.2	-5.2	-9.5	-18.5	-5	-22.5	-11.6	-4.7	-13.1	-9.3	-10.7	-4	-8.6	-9.6	-25.3	-11.3	10.8	29	17.5	22.2	0	17	12.7	3.7	17.2	-0.3	10.6	17.5	9.1	12.9	11.5	18.2	13.6	12.6	-3.1	10.9	-6.2	12	0.5	5.2	-17	0	-4.3	-13.3	0.2	-17.3	-6.4	0.5	-7.9	-4.1	-5.5	1.2	-3.4	-4.4	-20.1	-6.1	-1.9	16.3	4.8	9.5	-12.7	4.3	0	-9	4.5	-13	-2.1	4.8	-3.6	0.2	-1.2	5.5	0.9	-0.1	-15.8	-1.8	7.1	25.3	13.8	18.5	-3.7	13.3	9	0	13.5	-4	6.9	13.8	5.4	9.2	7.8	14.5	9.9	8.9	-6.8	7.2	-6.4	11.8	0.3	5	-17.2	-0.2	-4.5	-13.5	0	-17.5	-6.6	0.3	-8.1	-4.3	-5.7	1	-3.6	-4.6	-20.3	-6.3	11.1	29.3	17.8	22.5	0.3	17.3	13	4	17.5	0	10.9	17.8	9.4	13.2	11.8	18.5	13.9	12.9	-2.8	11.2	0.2	18.4	6.9	11.6	-10.6	6.4	2.1	-6.9	6.6	-10.9	0	6.9	-1.5	2.3	0.9	7.6	3	2	-13.7	0.3	-6.7	11.5	0	4.7	-17.5	-0.5	-4.8	-13.8	-0.3	-17.8	-6.9	0	-8.4	-4.6	-6	0.7	-3.9	-4.9	-20.6	-6.6	1.7	19.9	8.4	13.1	-9.1	7.9	3.6	-5.4	8.1	-9.4	1.5	8.4	0	3.8	2.4	9.1	4.5	3.5	-12.2	1.8	-2.1	16.1	4.6	9.3	-12.9	4.1	-0.2	-9.2	4.3	-13.2	-2.3	4.6	-3.8	0	-1.4	5.3	0.7	-0.3	-16	-2	-0.7	17.5	6	10.7	-11.5	5.5	1.2	-7.8	5.7	-11.8	-0.9	6	-2.4	1.4	0	6.7	2.1	1.1	-14.6	-0.6	-7.4	10.8	-0.7	4	-18.2	-1.2	-5.5	-14.5	-1	-18.5	-7.6	-0.7	-9.1	-5.3	-6.7	0	-4.6	-5.6	-21.3	-7.3	-2.8	15.4	3.9	8.6	-13.6	3.4	-0.9	-9.9	3.6	-13.9	-3	3.9	-4.5	-0.7	-2.1	4.6	0	-1	-16.7	-2.7	-1.8	16.4	4.9	9.6	-12.6	4.4	0.1	-8.9	4.6	-12.9	-2	4.9	-3.5	0.3	-1.1	5.6	1	0	-15.7	-1.7	13.9	32.1	20.6	25.3	3.1	20.1	15.8	6.8	20.3	2.8	13.7	20.6	12.2	16	14.6	21.3	16.7	15.7	0	14	-0.1	18.1	6.6	11.3	-10.9	6.1	1.8	-7.2	6.3	-11.2	-0.3	6.6	-1.8	2	0.6	7.3	2.7	1.7	-14	0
"BULH740101"	0	0.25	0	0.1	2.13	-0.2	-0.08	2.06	0.15	2.26	1.27	-0.28	0.78	-0.36	-0.08	0.19	0.32	1.36	1.81	2.04	-0.25	0	-0.25	-0.15	1.88	-0.45	-0.33	1.81	-0.1	2.01	1.02	-0.53	0.53	-0.61	-0.33	-0.06	0.07	1.11	1.56	1.79	0	0.25	0	0.1	2.13	-0.2	-0.08	2.06	0.15	2.26	1.27	-0.28	0.78	-0.36	-0.08	0.19	0.32	1.36	1.81	2.04	-0.1	0.15	-0.1	0	2.03	-0.3	-0.18	1.96	0.05	2.16	1.17	-0.38	0.68	-0.46	-0.18	0.09	0.22	1.26	1.71	1.94	-2.13	-1.88	-2.13	-2.03	0	-2.33	-2.21	-0.07	-1.98	0.13	-0.86	-2.41	-1.35	-2.49	-2.21	-1.94	-1.81	-0.77	-0.32	-0.09	0.2	0.45	0.2	0.3	2.33	0	0.12	2.26	0.35	2.46	1.47	-0.08	0.98	-0.16	0.12	0.39	0.52	1.56	2.01	2.24	0.08	0.33	0.08	0.18	2.21	-0.12	0	2.14	0.23	2.34	1.35	-0.2	0.86	-0.28	0	0.27	0.4	1.44	1.89	2.12	-2.06	-1.81	-2.06	-1.96	0.07	-2.26	-2.14	0	-1.91	0.2	-0.79	-2.34	-1.28	-2.42	-2.14	-1.87	-1.74	-0.7	-0.25	-0.02	-0.15	0.1	-0.15	-0.05	1.98	-0.35	-0.23	1.91	0	2.11	1.12	-0.43	0.63	-0.51	-0.23	0.04	0.17	1.21	1.66	1.89	-2.26	-2.01	-2.26	-2.16	-0.13	-2.46	-2.34	-0.2	-2.11	0	-0.99	-2.54	-1.48	-2.62	-2.34	-2.07	-1.94	-0.9	-0.45	-0.22	-1.27	-1.02	-1.27	-1.17	0.86	-1.47	-1.35	0.79	-1.12	0.99	0	-1.55	-0.49	-1.63	-1.35	-1.08	-0.95	0.09	0.54	0.77	0.28	0.53	0.28	0.38	2.41	0.08	0.2	2.34	0.43	2.54	1.55	0	1.06	-0.08	0.2	0.47	0.6	1.64	2.09	2.32	-0.78	-0.53	-0.78	-0.68	1.35	-0.98	-0.86	1.28	-0.63	1.48	0.49	-1.06	0	-1.14	-0.86	-0.59	-0.46	0.58	1.03	1.26	0.36	0.61	0.36	0.46	2.49	0.16	0.28	2.42	0.51	2.62	1.63	0.08	1.14	0	0.28	0.55	0.68	1.72	2.17	2.4	0.08	0.33	0.08	0.18	2.21	-0.12	0	2.14	0.23	2.34	1.35	-0.2	0.86	-0.28	0	0.27	0.4	1.44	1.89	2.12	-0.19	0.06	-0.19	-0.09	1.94	-0.39	-0.27	1.87	-0.04	2.07	1.08	-0.47	0.59	-0.55	-0.27	0	0.13	1.17	1.62	1.85	-0.32	-0.07	-0.32	-0.22	1.81	-0.52	-0.4	1.74	-0.17	1.94	0.95	-0.6	0.46	-0.68	-0.4	-0.13	0	1.04	1.49	1.72	-1.36	-1.11	-1.36	-1.26	0.77	-1.56	-1.44	0.7	-1.21	0.9	-0.09	-1.64	-0.58	-1.72	-1.44	-1.17	-1.04	0	0.45	0.68	-1.81	-1.56	-1.81	-1.71	0.32	-2.01	-1.89	0.25	-1.66	0.45	-0.54	-2.09	-1.03	-2.17	-1.89	-1.62	-1.49	-0.45	0	0.23	-2.04	-1.79	-2.04	-1.94	0.09	-2.24	-2.12	0.02	-1.89	0.22	-0.77	-2.32	-1.26	-2.4	-2.12	-1.85	-1.72	-0.68	-0.23	0
"BUNA790102"	0	-0.337	-0.416	0.054	-0.314	0.377	-0.281	0.125	-0.009	-0.036	-0.164	-0.406	-0.122	-0.024	-0.047	-0.149	0.003	0.165	-0.353	-0.255	0.337	0	-0.079	0.391	0.023	0.714	0.056	0.462	0.328	0.301	0.173	-0.069	0.215	0.313	0.29	0.188	0.34	0.502	-0.016	0.082	0.416	0.079	0	0.47	0.102	0.793	0.135	0.541	0.407	0.38	0.252	0.01	0.294	0.392	0.369	0.267	0.419	0.581	0.063	0.161	-0.054	-0.391	-0.47	0	-0.368	0.323	-0.335	0.071	-0.063	-0.09	-0.218	-0.46	-0.176	-0.078	-0.101	-0.203	-0.051	0.111	-0.407	-0.309	0.314	-0.023	-0.102	0.368	0	0.691	0.033	0.439	0.305	0.278	0.15	-0.092	0.192	0.29	0.267	0.165	0.317	0.479	-0.039	0.059	-0.377	-0.714	-0.793	-0.323	-0.691	0	-0.658	-0.252	-0.386	-0.413	-0.541	-0.783	-0.499	-0.401	-0.424	-0.526	-0.374	-0.212	-0.73	-0.632	0.281	-0.056	-0.135	0.335	-0.033	0.658	0	0.406	0.272	0.245	0.117	-0.125	0.159	0.257	0.234	0.132	0.284	0.446	-0.072	0.026	-0.125	-0.462	-0.541	-0.071	-0.439	0.252	-0.406	0	-0.134	-0.161	-0.289	-0.531	-0.247	-0.149	-0.172	-0.274	-0.122	0.04	-0.478	-0.38	0.009	-0.328	-0.407	0.063	-0.305	0.386	-0.272	0.134	0	-0.027	-0.155	-0.397	-0.113	-0.015	-0.038	-0.14	0.012	0.174	-0.344	-0.246	0.036	-0.301	-0.38	0.09	-0.278	0.413	-0.245	0.161	0.027	0	-0.128	-0.37	-0.086	0.012	-0.011	-0.113	0.039	0.201	-0.317	-0.219	0.164	-0.173	-0.252	0.218	-0.15	0.541	-0.117	0.289	0.155	0.128	0	-0.242	0.042	0.14	0.117	0.015	0.167	0.329	-0.189	-0.091	0.406	0.069	-0.01	0.46	0.092	0.783	0.125	0.531	0.397	0.37	0.242	0	0.284	0.382	0.359	0.257	0.409	0.571	0.053	0.151	0.122	-0.215	-0.294	0.176	-0.192	0.499	-0.159	0.247	0.113	0.086	-0.042	-0.284	0	0.098	0.075	-0.027	0.125	0.287	-0.231	-0.133	0.024	-0.313	-0.392	0.078	-0.29	0.401	-0.257	0.149	0.015	-0.012	-0.14	-0.382	-0.098	0	-0.023	-0.125	0.027	0.189	-0.329	-0.231	0.047	-0.29	-0.369	0.101	-0.267	0.424	-0.234	0.172	0.038	0.011	-0.117	-0.359	-0.075	0.023	0	-0.102	0.05	0.212	-0.306	-0.208	0.149	-0.188	-0.267	0.203	-0.165	0.526	-0.132	0.274	0.14	0.113	-0.015	-0.257	0.027	0.125	0.102	0	0.152	0.314	-0.204	-0.106	-0.003	-0.34	-0.419	0.051	-0.317	0.374	-0.284	0.122	-0.012	-0.039	-0.167	-0.409	-0.125	-0.027	-0.05	-0.152	0	0.162	-0.356	-0.258	-0.165	-0.502	-0.581	-0.111	-0.479	0.212	-0.446	-0.04	-0.174	-0.201	-0.329	-0.571	-0.287	-0.189	-0.212	-0.314	-0.162	0	-0.518	-0.42	0.353	0.016	-0.063	0.407	0.039	0.73	0.072	0.478	0.344	0.317	0.189	-0.053	0.231	0.329	0.306	0.204	0.356	0.518	0	0.098	0.255	-0.082	-0.161	0.309	-0.059	0.632	-0.026	0.38	0.246	0.219	0.091	-0.151	0.133	0.231	0.208	0.106	0.258	0.42	-0.098	0
"BURA740101"	0	0.286	0.198	-0.052	0.168	0.366	0.086	0.116	0.084	0.066	0.069	0.293	0.278	0.068	0.224	0.286	0.214	0.107	0.024	0.325	-0.286	0	-0.088	-0.338	-0.118	0.08	-0.2	-0.17	-0.202	-0.22	-0.217	0.007	-0.008	-0.218	-0.062	0	-0.072	-0.179	-0.262	0.039	-0.198	0.088	0	-0.25	-0.03	0.168	-0.112	-0.082	-0.114	-0.132	-0.129	0.095	0.08	-0.13	0.026	0.088	0.016	-0.091	-0.174	0.127	0.052	0.338	0.25	0	0.22	0.418	0.138	0.168	0.136	0.118	0.121	0.345	0.33	0.12	0.276	0.338	0.266	0.159	0.076	0.377	-0.168	0.118	0.03	-0.22	0	0.198	-0.082	-0.052	-0.084	-0.102	-0.099	0.125	0.11	-0.1	0.056	0.118	0.046	-0.061	-0.144	0.157	-0.366	-0.08	-0.168	-0.418	-0.198	0	-0.28	-0.25	-0.282	-0.3	-0.297	-0.073	-0.088	-0.298	-0.142	-0.08	-0.152	-0.259	-0.342	-0.041	-0.086	0.2	0.112	-0.138	0.082	0.28	0	0.03	-0.002	-0.02	-0.017	0.207	0.192	-0.018	0.138	0.2	0.128	0.021	-0.062	0.239	-0.116	0.17	0.082	-0.168	0.052	0.25	-0.03	0	-0.032	-0.05	-0.047	0.177	0.162	-0.048	0.108	0.17	0.098	-0.009	-0.092	0.209	-0.084	0.202	0.114	-0.136	0.084	0.282	0.002	0.032	0	-0.018	-0.015	0.209	0.194	-0.016	0.14	0.202	0.13	0.023	-0.06	0.241	-0.066	0.22	0.132	-0.118	0.102	0.3	0.02	0.05	0.018	0	0.003	0.227	0.212	0.002	0.158	0.22	0.148	0.041	-0.042	0.259	-0.069	0.217	0.129	-0.121	0.099	0.297	0.017	0.047	0.015	-0.003	0	0.224	0.209	-0.001	0.155	0.217	0.145	0.038	-0.045	0.256	-0.293	-0.007	-0.095	-0.345	-0.125	0.073	-0.207	-0.177	-0.209	-0.227	-0.224	0	-0.015	-0.225	-0.069	-0.007	-0.079	-0.186	-0.269	0.032	-0.278	0.008	-0.08	-0.33	-0.11	0.088	-0.192	-0.162	-0.194	-0.212	-0.209	0.015	0	-0.21	-0.054	0.008	-0.064	-0.171	-0.254	0.047	-0.068	0.218	0.13	-0.12	0.1	0.298	0.018	0.048	0.016	-0.002	0.001	0.225	0.21	0	0.156	0.218	0.146	0.039	-0.044	0.257	-0.224	0.062	-0.026	-0.276	-0.056	0.142	-0.138	-0.108	-0.14	-0.158	-0.155	0.069	0.054	-0.156	0	0.062	-0.01	-0.117	-0.2	0.101	-0.286	0	-0.088	-0.338	-0.118	0.08	-0.2	-0.17	-0.202	-0.22	-0.217	0.007	-0.008	-0.218	-0.062	0	-0.072	-0.179	-0.262	0.039	-0.214	0.072	-0.016	-0.266	-0.046	0.152	-0.128	-0.098	-0.13	-0.148	-0.145	0.079	0.064	-0.146	0.01	0.072	0	-0.107	-0.19	0.111	-0.107	0.179	0.091	-0.159	0.061	0.259	-0.021	0.009	-0.023	-0.041	-0.038	0.186	0.171	-0.039	0.117	0.179	0.107	0	-0.083	0.218	-0.024	0.262	0.174	-0.076	0.144	0.342	0.062	0.092	0.06	0.042	0.045	0.269	0.254	0.044	0.2	0.262	0.19	0.083	0	0.301	-0.325	-0.039	-0.127	-0.377	-0.157	0.041	-0.239	-0.209	-0.241	-0.259	-0.256	-0.032	-0.047	-0.257	-0.101	-0.039	-0.111	-0.218	-0.301	0
"BURA740102"	0	-0.245	0.017	0.026	-0.03	-0.024	0.088	-0.123	0.023	-0.112	-0.087	0.059	-0.052	-0.039	-0.074	-0.066	-0.1	-0.207	0.057	-0.141	0.245	0	0.262	0.271	0.215	0.221	0.333	0.122	0.268	0.133	0.158	0.304	0.193	0.206	0.171	0.179	0.145	0.038	0.302	0.104	-0.017	-0.262	0	0.009	-0.047	-0.041	0.071	-0.14	0.006	-0.129	-0.104	0.042	-0.069	-0.056	-0.091	-0.083	-0.117	-0.224	0.04	-0.158	-0.026	-0.271	-0.009	0	-0.056	-0.05	0.062	-0.149	-0.003	-0.138	-0.113	0.033	-0.078	-0.065	-0.1	-0.092	-0.126	-0.233	0.031	-0.167	0.03	-0.215	0.047	0.056	0	0.006	0.118	-0.093	0.053	-0.082	-0.057	0.089	-0.022	-0.009	-0.044	-0.036	-0.07	-0.177	0.087	-0.111	0.024	-0.221	0.041	0.05	-0.006	0	0.112	-0.099	0.047	-0.088	-0.063	0.083	-0.028	-0.015	-0.05	-0.042	-0.076	-0.183	0.081	-0.117	-0.088	-0.333	-0.071	-0.062	-0.118	-0.112	0	-0.211	-0.065	-0.2	-0.175	-0.029	-0.14	-0.127	-0.162	-0.154	-0.188	-0.295	-0.031	-0.229	0.123	-0.122	0.14	0.149	0.093	0.099	0.211	0	0.146	0.011	0.036	0.182	0.071	0.084	0.049	0.057	0.023	-0.084	0.18	-0.018	-0.023	-0.268	-0.006	0.003	-0.053	-0.047	0.065	-0.146	0	-0.135	-0.11	0.036	-0.075	-0.062	-0.097	-0.089	-0.123	-0.23	0.034	-0.164	0.112	-0.133	0.129	0.138	0.082	0.088	0.2	-0.011	0.135	0	0.025	0.171	0.06	0.073	0.038	0.046	0.012	-0.095	0.169	-0.029	0.087	-0.158	0.104	0.113	0.057	0.063	0.175	-0.036	0.11	-0.025	0	0.146	0.035	0.048	0.013	0.021	-0.013	-0.12	0.144	-0.054	-0.059	-0.304	-0.042	-0.033	-0.089	-0.083	0.029	-0.182	-0.036	-0.171	-0.146	0	-0.111	-0.098	-0.133	-0.125	-0.159	-0.266	-0.002	-0.2	0.052	-0.193	0.069	0.078	0.022	0.028	0.14	-0.071	0.075	-0.06	-0.035	0.111	0	0.013	-0.022	-0.014	-0.048	-0.155	0.109	-0.089	0.039	-0.206	0.056	0.065	0.009	0.015	0.127	-0.084	0.062	-0.073	-0.048	0.098	-0.013	0	-0.035	-0.027	-0.061	-0.168	0.096	-0.102	0.074	-0.171	0.091	0.1	0.044	0.05	0.162	-0.049	0.097	-0.038	-0.013	0.133	0.022	0.035	0	0.008	-0.026	-0.133	0.131	-0.067	0.066	-0.179	0.083	0.092	0.036	0.042	0.154	-0.057	0.089	-0.046	-0.021	0.125	0.014	0.027	-0.008	0	-0.034	-0.141	0.123	-0.075	0.1	-0.145	0.117	0.126	0.07	0.076	0.188	-0.023	0.123	-0.012	0.013	0.159	0.048	0.061	0.026	0.034	0	-0.107	0.157	-0.041	0.207	-0.038	0.224	0.233	0.177	0.183	0.295	0.084	0.23	0.095	0.12	0.266	0.155	0.168	0.133	0.141	0.107	0	0.264	0.066	-0.057	-0.302	-0.04	-0.031	-0.087	-0.081	0.031	-0.18	-0.034	-0.169	-0.144	0.002	-0.109	-0.096	-0.131	-0.123	-0.157	-0.264	0	-0.198	0.141	-0.104	0.158	0.167	0.111	0.117	0.229	0.018	0.164	0.029	0.054	0.2	0.089	0.102	0.067	0.075	0.041	-0.066	0.198	0
"CHAM820101"	0	-0.082	-0.059	-0.105	-0.244	0.046	-0.184	-0.14	-0.173	-0.14	-0.175	-0.088	-0.085	-0.134	-0.245	-0.016	-0.062	-0.094	-0.363	-0.252	0.082	0	0.023	-0.023	-0.162	0.128	-0.102	-0.058	-0.091	-0.058	-0.093	-0.006	-0.003	-0.052	-0.163	0.066	0.02	-0.012	-0.281	-0.17	0.059	-0.023	0	-0.046	-0.185	0.105	-0.125	-0.081	-0.114	-0.081	-0.116	-0.029	-0.026	-0.075	-0.186	0.043	-0.003	-0.035	-0.304	-0.193	0.105	0.023	0.046	0	-0.139	0.151	-0.079	-0.035	-0.068	-0.035	-0.07	0.017	0.02	-0.029	-0.14	0.089	0.043	0.011	-0.258	-0.147	0.244	0.162	0.185	0.139	0	0.29	0.06	0.104	0.071	0.104	0.069	0.156	0.159	0.11	-0.001	0.228	0.182	0.15	-0.119	-0.008	-0.046	-0.128	-0.105	-0.151	-0.29	0	-0.23	-0.186	-0.219	-0.186	-0.221	-0.134	-0.131	-0.18	-0.291	-0.062	-0.108	-0.14	-0.409	-0.298	0.184	0.102	0.125	0.079	-0.06	0.23	0	0.044	0.011	0.044	0.009	0.096	0.099	0.05	-0.061	0.168	0.122	0.09	-0.179	-0.068	0.14	0.058	0.081	0.035	-0.104	0.186	-0.044	0	-0.033	0	-0.035	0.052	0.055	0.006	-0.105	0.124	0.078	0.046	-0.223	-0.112	0.173	0.091	0.114	0.068	-0.071	0.219	-0.011	0.033	0	0.033	-0.002	0.085	0.088	0.039	-0.072	0.157	0.111	0.079	-0.19	-0.079	0.14	0.058	0.081	0.035	-0.104	0.186	-0.044	0	-0.033	0	-0.035	0.052	0.055	0.006	-0.105	0.124	0.078	0.046	-0.223	-0.112	0.175	0.093	0.116	0.07	-0.069	0.221	-0.009	0.035	0.002	0.035	0	0.087	0.09	0.041	-0.07	0.159	0.113	0.081	-0.188	-0.077	0.088	0.006	0.029	-0.017	-0.156	0.134	-0.096	-0.052	-0.085	-0.052	-0.087	0	0.003	-0.046	-0.157	0.072	0.026	-0.006	-0.275	-0.164	0.085	0.003	0.026	-0.02	-0.159	0.131	-0.099	-0.055	-0.088	-0.055	-0.09	-0.003	0	-0.049	-0.16	0.069	0.023	-0.009	-0.278	-0.167	0.134	0.052	0.075	0.029	-0.11	0.18	-0.05	-0.006	-0.039	-0.006	-0.041	0.046	0.049	0	-0.111	0.118	0.072	0.04	-0.229	-0.118	0.245	0.163	0.186	0.14	0.001	0.291	0.061	0.105	0.072	0.105	0.07	0.157	0.16	0.111	0	0.229	0.183	0.151	-0.118	-0.007	0.016	-0.066	-0.043	-0.089	-0.228	0.062	-0.168	-0.124	-0.157	-0.124	-0.159	-0.072	-0.069	-0.118	-0.229	0	-0.046	-0.078	-0.347	-0.236	0.062	-0.02	0.003	-0.043	-0.182	0.108	-0.122	-0.078	-0.111	-0.078	-0.113	-0.026	-0.023	-0.072	-0.183	0.046	0	-0.032	-0.301	-0.19	0.094	0.012	0.035	-0.011	-0.15	0.14	-0.09	-0.046	-0.079	-0.046	-0.081	0.006	0.009	-0.04	-0.151	0.078	0.032	0	-0.269	-0.158	0.363	0.281	0.304	0.258	0.119	0.409	0.179	0.223	0.19	0.223	0.188	0.275	0.278	0.229	0.118	0.347	0.301	0.269	0	0.111	0.252	0.17	0.193	0.147	0.008	0.298	0.068	0.112	0.079	0.112	0.077	0.164	0.167	0.118	0.007	0.236	0.19	0.158	-0.111	0
"CHAM830101"	0	-0.48	-0.5	-0.13	0	-0.81	-0.36	0.05	-0.28	0.02	0.12	-0.66	-0.9	-0.16	-0.35	-0.63	-0.37	0.08	-0.05	-0.36	0.48	0	-0.02	0.35	0.48	-0.33	0.12	0.53	0.2	0.5	0.6	-0.18	-0.42	0.32	0.13	-0.15	0.11	0.56	0.43	0.12	0.5	0.02	0	0.37	0.5	-0.31	0.14	0.55	0.22	0.52	0.62	-0.16	-0.4	0.34	0.15	-0.13	0.13	0.58	0.45	0.14	0.13	-0.35	-0.37	0	0.13	-0.68	-0.23	0.18	-0.15	0.15	0.25	-0.53	-0.77	-0.03	-0.22	-0.5	-0.24	0.21	0.08	-0.23	0	-0.48	-0.5	-0.13	0	-0.81	-0.36	0.05	-0.28	0.02	0.12	-0.66	-0.9	-0.16	-0.35	-0.63	-0.37	0.08	-0.05	-0.36	0.81	0.33	0.31	0.68	0.81	0	0.45	0.86	0.53	0.83	0.93	0.15	-0.09	0.65	0.46	0.18	0.44	0.89	0.76	0.45	0.36	-0.12	-0.14	0.23	0.36	-0.45	0	0.41	0.08	0.38	0.48	-0.3	-0.54	0.2	0.01	-0.27	-0.01	0.44	0.31	0	-0.05	-0.53	-0.55	-0.18	-0.05	-0.86	-0.41	0	-0.33	-0.03	0.07	-0.71	-0.95	-0.21	-0.4	-0.68	-0.42	0.03	-0.1	-0.41	0.28	-0.2	-0.22	0.15	0.28	-0.53	-0.08	0.33	0	0.3	0.4	-0.38	-0.62	0.12	-0.07	-0.35	-0.09	0.36	0.23	-0.08	-0.02	-0.5	-0.52	-0.15	-0.02	-0.83	-0.38	0.03	-0.3	0	0.1	-0.68	-0.92	-0.18	-0.37	-0.65	-0.39	0.06	-0.07	-0.38	-0.12	-0.6	-0.62	-0.25	-0.12	-0.93	-0.48	-0.07	-0.4	-0.1	0	-0.78	-1.02	-0.28	-0.47	-0.75	-0.49	-0.04	-0.17	-0.48	0.66	0.18	0.16	0.53	0.66	-0.15	0.3	0.71	0.38	0.68	0.78	0	-0.24	0.5	0.31	0.03	0.29	0.74	0.61	0.3	0.9	0.42	0.4	0.77	0.9	0.09	0.54	0.95	0.62	0.92	1.02	0.24	0	0.74	0.55	0.27	0.53	0.98	0.85	0.54	0.16	-0.32	-0.34	0.03	0.16	-0.65	-0.2	0.21	-0.12	0.18	0.28	-0.5	-0.74	0	-0.19	-0.47	-0.21	0.24	0.11	-0.2	0.35	-0.13	-0.15	0.22	0.35	-0.46	-0.01	0.4	0.07	0.37	0.47	-0.31	-0.55	0.19	0	-0.28	-0.02	0.43	0.3	-0.01	0.63	0.15	0.13	0.5	0.63	-0.18	0.27	0.68	0.35	0.65	0.75	-0.03	-0.27	0.47	0.28	0	0.26	0.71	0.58	0.27	0.37	-0.11	-0.13	0.24	0.37	-0.44	0.01	0.42	0.09	0.39	0.49	-0.29	-0.53	0.21	0.02	-0.26	0	0.45	0.32	0.01	-0.08	-0.56	-0.58	-0.21	-0.08	-0.89	-0.44	-0.03	-0.36	-0.06	0.04	-0.74	-0.98	-0.24	-0.43	-0.71	-0.45	0	-0.13	-0.44	0.05	-0.43	-0.45	-0.08	0.05	-0.76	-0.31	0.1	-0.23	0.07	0.17	-0.61	-0.85	-0.11	-0.3	-0.58	-0.32	0.13	0	-0.31	0.36	-0.12	-0.14	0.23	0.36	-0.45	0	0.41	0.08	0.38	0.48	-0.3	-0.54	0.2	0.01	-0.27	-0.01	0.44	0.31	0
